1. circle(0 0, 1.5)
    perimeter = 9.42478
    area = 7.06858